110, 61, 9, 2, 294, 180, 293, 160, 3, 221,
34, 165, 156, 261, 251, 155, 324, 32, 92, 121,
314, 237, 188, 85, 54, 53, 198, 186, 107, 172,
142, 113, 56, 132, 57, 16, 309, 59, 175, 300,
67, 62, 134, 241, 72, 182, 64, 153, 171, 184,
66, 252, 227, 229, 201, 114, 211, 39, 99, 228,
125, 41, 96, 254, 315, 71, 12, 214, 265, 256,
282, 224, 14, 260, 243, 208, 203, 283, 235, 281,
238, 193, 25, 40, 295, 118, 58, 95, 27, 196,
327, 287, 159, 38, 15, 299, 223, 26, 205, 169,
18, 100, 106, 70, 274, 29, 225, 140, 20, 1,
328, 286, 298, 105, 168, 48, 206, 272, 126, 244,
11, 269, 316, 306, 255, 164, 148, 195, 49, 273,
24, 80, 179, 109, 226, 119, 101, 240, 289, 264,
278, 8, 177, 149, 128, 4, 302, 311, 213, 84,
231, 218, 151, 37, 199, 42, 94, 135, 194, 245,
44, 88, 291, 55, 318, 173, 323, 69, 250, 220,
124, 275, 73, 50, 285, 158, 36, 60, 187, 280,
35, 78, 247, 81, 279, 90, 98, 5, 257, 162,
230, 7, 150, 136, 321, 122, 65, 304, 63, 329,
93, 270, 52, 326, 276, 319, 267, 133, 127, 296,
68, 138, 131, 215, 200, 112, 271, 91, 161, 176,
51, 305, 145, 170, 33, 17, 116, 307, 259, 317,
130, 209, 202, 79, 102, 313, 253, 129, 86, 13,
262, 236, 103, 217, 284, 166, 297, 115, 43, 189,
30, 249, 207, 89, 75, 76, 23, 19, 303, 147,
204, 143, 222, 190, 141, 154, 266, 82, 219, 83,
152, 144, 104, 47, 97, 288, 248, 325, 117, 242,
146, 120, 290, 77, 6, 174, 232, 322, 308, 258,
185, 87, 210, 167, 239, 46, 28, 320, 263, 234,
233, 31, 216, 212, 22, 123, 137, 292, 21, 268,
45, 277, 312, 10, 139, 111, 246, 74, 192, 301,
163, 157, 310, 108, 191, 183, 181, 197, 178